   8       0 sda 82282 269 4164673 17926 157094 13838 6058145 420443 0 70497 438157
   8       1 sda1 204 166 7536 84 3 2 5 23 0 67 107
   8       2 sda2 856 0 108117 394 24 0 4286 52 0 339 446
   8       3 sda3 5036 28 106534 883 35349 532 322805 20368 0 19310 21171
   8       4 sda4 17834 54 1150890 4422 7783 1528 237707 18489 0 5860 22894
   8       5 sda5 123 0 11552 54 0 0 0 0 0 50 54
   8       6 sda6 19402 19 1114446 3665 113408 11725 5483323 381257 0 37979 384837
   8       7 sda7 56 0 6312 41 0 0 0 0 0 36 41
   8       8 sda8 38528 1 1646326 8324 168 51 10019 233 0 8055 8527
   8      16 sdb 0 0 0 0 0 0 0 0 0 0 0
  11       0 sr0 0 0 0 0 0 0 0 0 0 0 0
